322 01110110101111110111100111101111111

01111111 11ξο11011 (1010011111 01 10111,

¹8¹7 1111110111100011101111110(10101111110001111
W} 1έὲ ce (1010100000111101110 (1101111111101111100101 ad 11
(111110011110111111111100111111((11110011111101110110111

11111111610111010111011110011101001

0111111111( 111 111110· (0111111111 figne‘es 11( la
0111111111 11115 11111.

Α 1101011111 (10 0111111011( 1011111 111 1111011101
1111110111
111101 1011111011 chame 011111 ¹en<¹ro¹ 1110 1111110111100001101111 11101011( 1( 11
(Ξο 11111 ¹¹¹¹¹¹¹ 0100111110 1001101111( 1 · -
11111111 (1001111 10 111101 1111111111 010111. (8111110111 1011011 11011 ons
10(100’;11;111011111(1111011111((11111(1101(001>10101100οΡ11

Α 1111101111( ¹¹¹ 1111011111 111 (1( (0((1111101111111111111111011
(11111111 111111(

1111101 11111101 1111111101 01 au 10011011111111101111(1100110110101111
111 11001 (11011110111111111011ἃ11 1111111101 (1110103111 11111( 0111

5 1011110011 011111(111011111011111011111110011001 111011110100·
(101(0111111011110111100111101110111111101ε 01110111 1111111
111111 101111 0010110111111111111110111 111101 0110011011101111
010101111101111111011,
611 1110111101110110011011001100110110111101111111(0101111
10111· 11001111 111 0111001111111 1111111011 11 111110111110111111110101111(50
1111110 00 (1111111111 0111111111οξ0110010001110111101οω (11110181
0101 1111 1111 011100101011111 1111110101 1110111 1011111011

7 (1001109 (0010011111(1111010110111 0111011111 1111011011 1111ε

1 me 0101111 (101100010001 11 0111 0011001101010111 (11 11001101 (11101
11111111(111011100111(06111011011111160111110110111111110111101151
1110 1110111011 00011111101111110001(1011011110111 (111111 001111 100
ρ111110111Ν11011111οο1.61111110101011(0111110111100110

1100011511 (1511110 1011111111 (1(111101010101111010011111111100011
1101 11111 em

 

