170 DE 555550555 {EM DI ISSECDESPARTXES

(j

332332 33 33333 55 33 55ss 333333 5'555: 33 2333333 75. 333233 33333 333 23 ,3333 555 33 333333 3333332 3 ,
’ 33 23233333333333333 33233333333333333333 3, 5'55'5

2202222]
3233330 .
52‘cqnde 3323333 333333 33333333233 ,233333 333333233333333

233 555555) 33 223, 3333 ,223283 33333

2223232223 32333 5555 ,3333333332 333233, 33333333 7555555555‘5 55555555 3333323. Ces} ·5p5555'5 5
’ᾸΜΙ 55

{255 doub5es555715555555555555555555555555555&555552'55555555515555s55555555555 5175555555555
222 222 333233 33 33323323* 3333333223 3333333 3233323

2232333223 3333333333 ,3323333223 5555555 3333333333 5555555755555 5555555 333 333333

222222 5775 55555575555555055505‘5555555155551555555552
D575555'5 3323332333 3232333 3332332332333333333 3220232220 2232222222 22222322 10

3333330333 333333233333333333332233 8555555: υ233333333233333333333333333333

22232223 333233 33 3333333323 33322333 333332333333333333 2233332333333 23333 55

3555 pele‘ 322333. 53333η 55 233 3333332333 s 5555755 233 332233 23 33 3233333
222222 3333333333 3333323333. 3333 2323323323 (3333323333323333333333(323 33333333333333333

33323 333 333 33 23 55 32232232 555 (3333333 555 23 3333333 15

 

